717700128
115153946
948771719
586380132
795097964
211051179
106515313
1393904596
822460867
1572961480
908501631
417465003
632372857
407839995
865774704
380342479
1276710872
593545925
1138227359
1305484940
1061032781
1114724656
932074484
235472055
1463781092
108098112
1389015012
535603695
239548480
472543966
248364150
115112487
77639302
1236298110
572613430
513748512
142406190
1143744178
217964552
592544735
487329906
1332913903
1503191175
1538218874
869784694
842616223
844715029
218549279
473206515
1577090589
1486379620
577098882
1064373047
442748931
368282231
438175014
747536425
1368730650
619459282
1516808522
1281573265
619429405
1577000186
7671957
203384379
398453744
1081699996
1505250498
1336988986
1024830710
1588185301
656678701
1478331144
513431452
366571677
677698928
1464386592
150152694
358868394
403319061
714298099
978569606
305585443
28347837
1431291496
1020197222
919956674
718375837
45725317
382210656
567575311
166307003
367629380
1459577206
21903330
1276616352
757222716
1018542521
1253324120
3161386
1049632017
532524598
1015832578
235904650
98015838
38346497
1219196026
1461388219
625184519
491244047
1129006988
1081498818
360284189
315784500
202670400
215732188
655128395
1581948393
721861619
972986219
1054688291
1579003206
754296549
1172914201
553632390
1425658944
1045736445
545466235
783305386
986159766
30122139
758259381
647680414
1526050867
717698759
1113033720
1426793896
1280349517
1041144104
243152549
580686243
1473710264
1116207374
1564830974
1374960704
45511496
318613649
882153221
473995303
1416979658
305154824
768069150
1070086587
67367286
525775861
1241352629
1592312079
1495232188
925965260
772848429
444042024
1599511927
192714426
417272763
812272627
1372670293
232781468
589247060
1347239693
1458715171
1171199103
965798565
1132523917
376707099
570747448
1459283911
750139051
712237282
840722426
1266185347
897132640
594236195
665266731
410251682
89261521
1245502920
1117858424
1508180549
738176253
1316049041
265057303
931847445
978164487
1217898302
746172132
620352617
237632453
18899016
1072437604
1473157391
316961607
1002409147
1463271159
323611633
1124533743
623301625
1340589841
1199598336
1427617034
350195503
653073958
1046448303
620033544
139762863
633920847
34484420
975653030
88946099
467702528
608775017
1274611612
266076288
115231700
1049758957
657746679
11931220
925111244
757462967
1418883196
2378078
108163825
540949251
296748834
753087922
609308099
1079022263
1429776697
1205199555
333939445
185691035
1532579107
582257025
307326207
1575219618
423468903
928821995
1257760758
174340460
625492600
470993484
70013011
1017141507
762566937
535140390
1458068241
1369042973
830445883
908447755
858089920
211751234
562053532
649588716
1283131052
668300060
373163150
1211982380
936908319
1458976495
693520308
1242605087
299878958
1468421057
429437305
537914821
292393666
895023861
1191315332
429472758
647526296
655974139
184820146
639520213
1217904012
1350304413
991321493
1173162463
394788744
808380718
939220185
207249271
298662440
1131803466
949975887
1491640099
673721712
1082934833
1472376939
1531293633
768852089
1006835968
761625496
919412555
1002913985
904029033
882023684
991599809
60427180
1201248163
57741063
904915862
190899801
302905263
1322150299
650377548
522077577
1247232910
1100955712
802250099
274320682
1334350564
1167662468
1215562201
630949702
115967741
844229487
271445156
866311624
1439984202
13783636
994872219
1113414307
989316537
117707649
182804024
118451806
581196051
1396606557
230885792
717150266
1277334767
210162880
625009185
1215280451
1034944438
1484036964
712477642
131706097
261796171
1591153527
1256456491
1449290889
1097979457
1588770858
1540641371
114860159
1507615829
441372550
1109668566
310563841
1207991576
1591048679
1064658646
293922687
481056183
1452013385
1374676841
333377848
647161088
1350133970
668632962
1545345774
14852976
1042433232
1340308064
1477984917
431999706
247335410
145186490
1076693
329612417
1297630570
260919434
1117310454
209013076
531871032
439717286
223494388
1018354066
53949170
1087206908
954087342
840051697
120514249
262588030
645081361
869780270
1039779765
396231349
505503714
1175070646
559928845
1316892193
1464124522
944024161
1414386371
1326337833
265562529
929472496
315061684
1367223021
47509936
397871846
305268758
1412896127
517860437
367737571
1099470095
1593712859
1503441105
1174988561
431250580
1023542376
1032793886
623847981
622587062
1434521632
215790637
1265360634
1059632424
789855367
1434874100
591947451
841072450
829543829
1499197772
231501962
997354463
896278343
913321830
319185214
61066531
609644588
982576724
258969690
1212629787
837293271
24664499
1247696022
651175532
74193844
1386361000
1397771299
1412307887
1332174570
955512217
92551078
762770149
300152038
1005822859
1553770836
985299512
595646910
20585181
340977857
769257256
1076112729
1081625853
453646901
750115476
1517605818
1128548420
839859354
1102756080
135788474
375729195
1409575864
326134850
756628637
1409606212
1545489793
1210350615
729622038
987729530
1536842366
301732104
598730898
1414997613
651536972
846955504
147480089
1386414731
1039833754
809576409
1014080383
1302035350
1416131192
388351360
1238034235
1522492546
1089731728
